HDR                       AnabiOil     4886234278
DETAnabiOil                      5    173.77    20231212    4886234278     20231211    29     1    5.00      5.00      
DETAnabiOil                      5    173.77    20231212    4886234278     20231211    43     42   3.11      130.62    
DETAnabiOil                      5    173.77    20231212    4886234278     20231211    7      35   1.09      38.15     
DETAnabiOil                      5    173.77    20231212    4886234278     20231211    R43    13   3.11      0.00      
DETAnabiOil                      5    173.77    20231212    4886234278     20231211    R7     15   1.09      0.00      
SUM173.77
HDR                       AnabiOil     4986235547
DETAnabiOil                      3    173.77    20231212    4986235547     20231211    29     1    5.00      5.00      
DETAnabiOil                      3    173.77    20231212    4986235547     20231211    43     42   3.11      130.62    
DETAnabiOil                      3    173.77    20231212    4986235547     20231211    7      35   1.09      38.15     
SUM173.77
HDR                       AnabiOil     4986235551
DETAnabiOil                      3    332.60    20231212    4986235551     20231211    29     1    5.00      5.00      
DETAnabiOil                      3    332.60    20231212    4986235551     20231211    43     78   3.11      242.58    
DETAnabiOil                      3    332.60    20231212    4986235551     20231211    7      78   1.09      85.02     
SUM332.60
HDR                       AnabiOil     6061232845
DETAnabiOil                      2    85.86     20231212    6061232845     20231211    29     1    5.00      5.00      
DETAnabiOil                      2    85.86     20231212    6061232845     20231211    43     26   3.11      80.86     
SUM85.86
HDR                       AnabiOil     6526232293
DETAnabiOil                      3    187.39    20231212    6526232293     20231211    29     1    5.00      5.00      
DETAnabiOil                      3    187.39    20231212    6526232293     20231211    43     25   3.11      77.75     
DETAnabiOil                      3    187.39    20231212    6526232293     20231211    7      96   1.09      104.64    
SUM187.39
